1 0.219941 0.924075 0.0274752 0.0596672
0 0.143733 0.139509 0.0201988 0.0148165
1 0.497585 0.386134 0.0168787 0.038791
0 0.339706 0.140702 0.024475 0.0132711
0 0.577158 0.00918736 0.0124855 0.0102725
1 0.612168 0.870522 0.0203592 0.0269963
1 0.77686 0.104855 0.00940434 0.019522
0 0.769243 0.512915 0.0187207 0.0190005
1 0.673808 0.201628 0.00922481 0.025135
1 0.622728 0.135024 0.007828 0.0180618
1 0.541727 0.193481 0.0135281 0.035116
0 0.33935 0.142807 0.027073 0.0163019
0 0.567967 0.294288 0.0126511 0.0121602
1 0.644513 0.155804 0.00892079 0.0176677
1 0.694403 0.151844 0.00958292 0.0152542
1 0.689141 0.122711 0.00865825 0.0189885
